SNP,effect_allele.exposure,other_allele.exposure,effect_allele.outcome,other_allele.outcome,beta.exposure,beta.outcome,eaf.exposure,eaf.outcome,remove,palindromic,ambiguous,id.outcome,se.outcome,pval.outcome,outcome,mr_keep.outcome,pval_origin.outcome,proxy.outcome,target_snp.outcome,proxy_snp.outcome,target_a1.outcome,target_a2.outcome,proxy_a1.outcome,proxy_a2.outcome,se.exposure,pval.exposure,exposure,mr_keep.exposure,pval_origin.exposure,id.exposure,action,mr_keep,samplesize.outcome,mrpresso_RSSobs,mrpresso_pval,mrpresso_keep
rs10191160,G,A,G,A,-0.16870271563596345,-0.0349,0.17158107793357247,0.1723,FALSE,FALSE,FALSE,EUgLn5,0.0677,0.6061,nft4,TRUE,reported,NA,NA,NA,NA,NA,NA,NA,0.0368,4.57e-6,alcd,TRUE,reported,lgo3BI,2,TRUE,NA,0.001888455635384103,1,TRUE
rs1028427,A,G,A,G,0.1235972116409446,-0.0444,0.28947256063484966,0.2906,FALSE,FALSE,FALSE,EUgLn5,0.0486,0.3604,nft4,TRUE,reported,NA,NA,NA,NA,NA,NA,NA,0.0259,1.856e-6,alcd,TRUE,reported,lgo3BI,2,TRUE,NA,0.0015244125113466065,1,TRUE
rs10789062,T,C,T,C,0.14720374853663065,-0.0307,0.19937598103970783,0.2092,FALSE,FALSE,FALSE,EUgLn5,0.0542,0.5707,nft4,TRUE,reported,NA,NA,NA,NA,NA,NA,NA,0.0297,7.185e-7,alcd,TRUE,reported,lgo3BI,2,TRUE,NA,5.794148222537336e-4,1,TRUE
rs111312143,A,C,A,C,-0.25710113904264,0.0695,0.049576515880654475,0.0577,FALSE,FALSE,FALSE,EUgLn5,0.1144,0.5439,nft4,TRUE,reported,NA,NA,NA,NA,NA,NA,NA,0.0534,1.49e-6,alcd,TRUE,reported,lgo3BI,2,TRUE,NA,0.0033508023857659673,1,TRUE
rs1229984,T,C,T,C,-0.7219994324669743,-0.026,0.035591772428884026,0.046,FALSE,FALSE,FALSE,EUgLn5,0.1266,0.8373,nft4,TRUE,reported,NA,NA,NA,NA,NA,NA,NA,0.0976,1.363e-13,alcd,TRUE,reported,lgo3BI,2,TRUE,NA,0.004164355262320826,1,TRUE
rs13296886,G,C,G,C,0.18299632908391833,0.0687,0.08959303126195362,0.0986,FALSE,TRUE,FALSE,EUgLn5,0.0781,0.3789,nft4,TRUE,reported,TRUE,rs13296886,rs67715198,G,C,A,G,0.0385,1.963e-6,alcd,TRUE,reported,lgo3BI,2,TRUE,NA,0.0061244450383336,1,TRUE
rs2006682,G,C,G,C,0.11879585591407633,0.0307,0.290417681904549,0.2909,FALSE,TRUE,FALSE,EUgLn5,0.0488,0.5294,nft4,TRUE,reported,TRUE,rs2006682,rs12551268,G,C,A,C,0.0256,3.599e-6,alcd,TRUE,reported,lgo3BI,2,TRUE,NA,0.0013529008572396668,1,TRUE
rs4590429,A,T,T,C,-0.8612108656072003,0.0832,0.013855610194229259,0.6058,TRUE,TRUE,FALSE,EUgLn5,0.0452,0.06549,nft4,TRUE,reported,NA,NA,NA,NA,NA,NA,NA,0.1781,1.326e-6,alcd,TRUE,reported,lgo3BI,2,FALSE,NA,0.025630370884583722,1,TRUE
rs56328486,T,C,T,C,0.20219771079874427,0.1209,0.12029707662025226,0.1252,FALSE,FALSE,FALSE,EUgLn5,0.074,0.1025,nft4,TRUE,reported,NA,NA,NA,NA,NA,NA,NA,0.0442,4.804e-6,alcd,TRUE,reported,lgo3BI,2,TRUE,NA,0.017557465675907644,1,TRUE
rs5768156,A,G,A,G,0.10529651360973893,0.1344,0.3881962304830128,0.3912,FALSE,FALSE,FALSE,EUgLn5,0.0455,0.00315,nft4,TRUE,reported,NA,NA,NA,NA,NA,NA,NA,0.0228,3.879e-6,alcd,TRUE,reported,lgo3BI,2,TRUE,NA,0.019860904340945777,<0.017,FALSE
rs579837,T,C,T,C,0.2581013449698802,0.0695,0.08486840410853903,0.0918,FALSE,FALSE,FALSE,EUgLn5,0.0872,0.4257,nft4,TRUE,reported,NA,NA,NA,NA,NA,NA,NA,0.0533,1.299e-6,alcd,TRUE,reported,lgo3BI,2,TRUE,NA,0.006927501517112692,1,TRUE
rs7240201,T,C,T,C,-0.1439050130520835,0.0854,0.26212513907978274,0.2527,FALSE,FALSE,FALSE,EUgLn5,0.0523,0.1028,nft4,TRUE,reported,NA,NA,NA,NA,NA,NA,NA,0.0312,3.843e-6,alcd,TRUE,reported,lgo3BI,2,TRUE,NA,0.006366774671100329,1,TRUE
rs77694582,A,G,A,G,0.30699928783701214,-0.1266,0.02981194473262284,0.0348,FALSE,FALSE,FALSE,EUgLn5,0.1239,0.3067,nft4,TRUE,reported,NA,NA,NA,NA,NA,NA,NA,0.0646,2.034e-6,alcd,TRUE,reported,lgo3BI,2,TRUE,NA,0.012867721186635733,1,TRUE
rs79171978,C,G,C,G,0.1827964440171658,0.0946,0.10035538477588066,0.1043,FALSE,TRUE,FALSE,EUgLn5,0.0782,0.2267,nft4,TRUE,reported,TRUE,rs79171978,rs34066997,C,G,T,C,0.0359,3.47e-7,alcd,TRUE,reported,lgo3BI,2,TRUE,NA,0.010906686705070135,1,TRUE
rs8088633,A,G,A,G,0.34170139783822506,-0.1613,0.028158947834264536,0.0283,FALSE,FALSE,FALSE,EUgLn5,0.1401,0.2496,nft4,TRUE,reported,NA,NA,NA,NA,NA,NA,NA,0.0731,2.912e-6,alcd,TRUE,reported,lgo3BI,2,TRUE,NA,0.02156414025237553,1,TRUE
rs870089,G,C,G,C,-0.17880375153271427,0.0726,0.13360553633217992,0.13580000000000003,FALSE,TRUE,FALSE,EUgLn5,0.0669,0.2777,nft4,TRUE,reported,TRUE,rs870089,rs2346463,C,G,A,G,0.0387,3.749e-6,alcd,TRUE,reported,lgo3BI,2,TRUE,NA,0.004231849626208848,1,TRUE
rs9571413,G,C,G,C,0.292900930490671,0.2753,0.04466239075584159,0.0511,FALSE,TRUE,FALSE,EUgLn5,0.1068,0.009953,nft4,TRUE,reported,TRUE,rs9571413,rs1337944,G,C,A,G,0.053900000000000003,5.417e-8,alcd,TRUE,reported,lgo3BI,2,TRUE,NA,0.0862494438231329,0.102,TRUE
